21201157316107
61313537718248
61229807553521
57764813800851
26351094279575
77245502127640
96845876974768
80924502569040
30231634766146
24866440602533
73444984663568
14865146506821
84402243472872
63352771373488
46083648547856
85895599947450
79781896859122
63344280570946
67850016873824
52545667871958
5431336470532
95095589976664
91656641138367
88731844450772
9950989442905
36834220240665
81112133382099
61223093198401
51221331946327
72010728386638
30392500385826
42435711187655
94378062358881
2479712268407
50320090019984
73404227920986
47026079477526
64316301809794
59069664631243
31694881875681
27385214684473
43122683480404
6594858738208
99699157902495
50095565230706
73761866197818
85790736397393
94350676029595
72825855092093
9534500773590
45870685017173
47010479815802
11944741239079
77311992560451
38485764632269
26572937268877
61635535795803
42632995119152
16042213869796
69966873952057
24887741223296
82944716422542
72041412766765
28423038661380
99610758343170
76685277732041
41685462576529
3921120205413
87703294460595
5337149680780
87995131205795
38236010528984
13952811583585
90163429500505
60068031797423
3538291015363
19084135834752
51280692020954
53041193632782
60209127428099
89356907818926
63936015228366
99826834435486
29821314355900
75498122344741
33239981489880
86537072504612
50152773943922
29766189058657
84733195595744
31648949121689
77262248202445
26105225329542
26892173886969
79227578318530
90493891814228
25205690212391
81782542788510
18419175894286
22367796018031
90332111814788
86734278918475
21263402206800
38015090074326
902349320607
89198566255056
2904358790064
42652292071998
93017832051003
26155671624924
10434686663785
80668553921791
70723157772891
15444634521854
8229568373482
26295110906399
39373044076732
97798098293026
92563319364457
34084975367627
19518000730985
19778438250651
84125962978746
86742528256369
33590642167221
11219556759307
67307220915058
81108028393995
21048558258546
46632961052171
5281337671475
466034453092
90277804322978
16247239076405
28056416063651
5465021345232
60745512108195
71368936102
8878917255497
61273524879105
8244740302119
98818646357534
63175712972097
93128158364881
95610171818000
77129323995437
80974719915971
70356399590476
88078187263979
26848616373868
17253266497633
32391282958235
40997061089925
43754661316184
28553451607285
79308951298294
18718757780521
28881202736869
70693192270810
55582282883228
9849749768065
52987392431552
49703242362727
77752536348436
29759808659414
84065703321395
19147122006742
32722690066574
89814732947551
66387315987077
37624698105080
38148329640134
96454852084845
94351673207674
21255069334046
44021369698555
23142546876421
74508941795325
87214052441116
93879837165171
51626622430003
47277584285435
39365962281399
59752157399974
24963575969634
93717309282305
16782658473682
14504629861416
41452690382666
56740436166178
1020282630044
79395932022772
98785503779392
86316840438436
56851440194970
45899888166893
31132284782649
90993835232628
99373431109780
19264020575419
82170579893094
81817946475516
67543127293290
2374398930050
92838650487776
81218976431008
15130847783073
79096600620953
48329899430390
40091453035892
57563750921192
77049161681083
7683807278475
46106823558110
50303146171008
86649478027294
31967916899953
36775548823247
13896156920400
29753886961656
33841554016443
18952413584997
39555022651879
21491313128454
10044093482589
17069780361936
16438377170818
14669705908523
92182444436841
82496440058146
74546783681477
85364413334097
13237395002959
7210381964420
19983373199414
76788328594628
85287345349476
26747165103207
1295720108614
60395457341667
34835149108350
27191585045674
29979928026605
58432961718751
32858335869206
91581252022872
11743026591868
784120260828
92297885326527
50919323603419
14433880578717
75010546755579
20107989837588
79656687999526
27024989791497
76704448138702
4285704526539
56432318759858
6429783036323
5066034040945
11271504457677
50922015478646
8853804984158
21494250976102
85153722596309
67160795774845
42719650946503
2552334924576
34971681736865
90074029139288
3594591250148
36423459965364
99033313801943
74160933334575
81587117325914
30058578024686
68588982740027
1805711941807
51445946261113
36715561370635
85158344104677
50800367271605
65821617744073
82999775121181
58095055638747
79537781587944
15289781814429
84192042601482
89998259252718
55572265883381
93541290487089
26492545654671
11663717232310
33959719110045
16325660336859
20519415662741
92399660353893
37827134274201
9505231555861
18075926782569
43550984243467
6060950976175
6026608541539
24999285635724
88760735209043
67297991374724
82691129554402
70728790225026
22870749805790
79214381460773
63148747183191
53151662919664
1170929915836
39325040577509
44944502292599
64395846791674
86886563141997
96357821937069
48409546914098
46098431861129
1289159279567
17343749811438
23538394347384
16791121323794
14260568292705
67127549307972
91381488542289
73460034173618
41047395702983
50269613392805
6010057458036
76957373579642
58351417125434
50884491974505
50899540030485
61996196757450
10689685087853
25675201047814
75123964254395
88802753774642
64825480051109
75501218910778
54635455193214
920249792908
18030290966564
90457098980616
44739660323267
62420423967722
48262979690162
64744024271628
96091677485306
73216428928247
34683312832338
21048005386316
48810282649675
73741608960378
76934980455645
55980745115366
47987037728199
19172358381655
96294608315079
48786656893171
59234700719760
51920411858429
25652645810319
54676864532374
58089284302447
77272467541274
45512668679776
94664168186026
54249699185372
65524775041028
78596274440655
77067084187998
94237301694297
27751254148021
79869312728824
39200104813466
50574455757724
11377604133821
7691913963843
93653580482878
11766843178795
58494336423880
31267831255972
13195800394123
14028259105470
75557174237408
8706051907863
78413148053107
85919128588119
25570357871219
58862113023095
28568779448809
96496811873361
68231523421750
21854557397517
12269212388183
69659423762008
50818553250824
7245011848877
35428658836473
20448225291476
26503498626568
97677044026412
71083113774407
52543525936117
57365970088466
28374630777005
15842906427000
77992845573891
49642550559923
22033160692585
60772612198269
65137795919793
6668527495575
28848128946921
12370841851777
17216936588945
12107034930978
84188547352627
57586541356670
48732282181110
51433533802901
49585251488288
95685844232563
22282145808933
5055762409781
82077518464464
88931847172779
35734435086499
28313509865849
47590550395173
82640897698552
60867711922249
92674965984626
70428213729469
61999258475926
40475800392713
77557827480113
24717672627041
29409671696095
33420256015171
81401094830556
83595433989845
19748355849691
95808830996823
20460723819814
786567612293
11520508140439
93975875886338
57186919033776
1303224533471
11281589103370
94987849631690
93359648522462
76227312936572
78965223853632
33998217662285
57663759677109
53091468614461
54228797581843
5067685843684
37689820992890
43342832177426
82696965535582
94230536055494
60741851351623
17330736341151
4405922891077
34527290409152
21178149209292
43448521508592
16624321705313
76216626063389
74223961106839
22374179332609
72305651086240
37211958124224
54848625773960
83842210943987
5039380923532
36862076804521
67098896645342
27366764788913
42828173915128
8239118011227
31187244567730
43007354368615
75963725181364
65599320065856
15913192979509
52327063356369
46285311579155
20672927350761
77303866434585
45006463817253
5336538444488
44988264482893
77622808473927
94491172752043
49181061607573
16209075334647
15553453210708
80590629337456
95071998864441
50503782444929
85382216050198
61253864331105
57221509879337
44150898220578
74811202500941
42435338130797
13563504822032
71515864901090
35100428144939
7992659366904
56101319028880
49154446434267
39008339863632
74725572055902
57036758277211
55110252296985
64154210635724
94989334304104
62509612823437
1089079338712
39106148868663
13315254160153
238177532129
41140583080318
31087047194104
79978762066507
33908837349865
64387566241125
33782176058893
90028228580640
60540954743692
51233952007039
34411533727612
17228454515895
75652395262520
76487384102841
5804959456455
16309993961459
61865524635908
14580390605078
27523504850261
17165167657147
40757750787230
62583515972567
85982487641855
62038077919067
41492721761319
19235992789145
41963773734697
7106719231038
55394375233340
87874564255519
93100318109913
31397847799480
96112401864560
68529928864051
98458427680168
56153973713180
24848647137867
11098249957386
45763174404516
25111672667469
79275254665716
61170924620824
49586052320923
46438428189010
79638659265434
83940154830999
29126042500925
34268557889799
15949922786370
2085142137411
3292065575309
81617641270351
12649645253458
38724718053996
59911172846303
93174241175706
13035984642047
15601025695345
82870519207629
53646487407715
416183027850
60202338857203
59074666098035
39919267460583
3733784528423
89859179473858
80603490894312
80756226530286
43325789105626
23714352328630
1400800255129
40374564786274
79948345724891
45035841054763
59057357690857
84635364905861
77876126837881
63403332069843
43455258069634
84232454398823
96155799044940
22742347821511
49391591587896
98270643851539
29952382868843
78080840112396
30974670419477
10912698244055
50115894394256
41152813681053
27857598224318
64751681429317
10649139555793
80809366724424
47839653357499
7970802683346
5968694772915
96505636026912
38895758774815
158128713158
36370206599915
71840247029197
28358293347913
22466736085763
22653831350868
61196921960171
59021676865920
20891324572886
62452685750620
44035562913397
3640112013123
30285421085297
96244396009752
28322087568585
79810367453476
20084068650830
34423671672183
93370303227551
71831961208498
14325844676820
94755598482726
81466831215777
52331338336021
23775888254440
44124784625073
25701548762025
95322219418811
228704012575
80716668406212
65818360079131
29436414598294
55244940344440
11053409693764
68786136086893
44370368891112
77769085601980
82915972070956
67021736966446
60059898587496
21929623069102
16851103613387
56607768493701
12522022509406
19455621263275
10194740847929
40585158857757
7623868347049
86924072290076
90167319098078
14381833871983
9022248822505
86530281505799
77796107597115
35573083054654
22314941012884
43890759390651
50466266673531
41454851610173
96781662635248
30984738354078
1583208622026
68612401461234
92470765171196
76465686563444
33908604448274
2081355538818
74025397580918
58827230596790
20774055853242
18942935684533
4041133463249
88864681864433
50816107446737
37930717968319
98273353053245
2116520190691
4343940439168
68901469206859
29253741047819
41279032958848
87732923010762
95982493162418
73581821638497
41732895622347
63847679554230
41063551178795
94712785238600
99855013782551
30641916791322
9793526170058
22565810023478
3043971366553
57343310234561
88768867620389
95632495104751
15922388946312
15965034769649
51082525395910
28502056241848
96402412155474
88839562171187
8160673534312
4110612905582
11177710648788
58490532062938
56915215743444
73823131522299
11063686793519
18538154128876
25166546880626
355043844210
18392474860189
38444452107018
10174948433890
41958868363337
93352470866461
39299566757589
2135271895183
65305834278586
51232105156757
92026358668897
12665961232140
30025395777661
84789451873893
2546445405802
77948811445183
20107732734472
52968550016026
73339968343223
29223075765338
8187144800301
68895880328579
61417117822626
5460613133552
5418337493109
92335868536122
13370684676178
32268010441060
50492824748945
12827701558551
25705533458378
96663783751446
5334816832277
91586568055477
54505069442880
34495086198681
47713691350114
20226377087411
40976863219401
48197971115287
35853266169354
34711618191061
14083289322279
3198674867365
18937964775689
4147010702155
8391793423338
85385165517384
50208525637053
47305994209134
22564672069844
43555538149357
55104981400655
72599749129478
58417522424343
52739831588626
73048620428269
71039932004952
18303518642961
23277889547311
71931878562005
63188558918470
29622287634592
11557201265402
3521551284566
85941754690578
26993102344295
44543395601222
54099757726066
57667869660915
66015548760647
37976957070973
62540742564537
74292872709415
28920266287088
43341205649383
75026009710784
1158046303196
12060953243978
58757695320931
52785320111689
48774307799389
37117033350922
82618355925676
28514657852705
949634286077
30175936470946
52113914750735
62422922337620
55743874301337
67030766876686
50963983323664
13541522401012
99028614527482
70625214540552
7577452966961
69299194006649
1725699704127
9119533250739
78941753688542
43964010006534
57735423004775
70847129720414
84895672189787
99035513009527
57857988256532
46487430823570
12107085727986
25615673951220
85506187360734
22781614958768
73201455505185
90574600672088
78334400068796
59717464354518
53148482866852
33047127344892
31487266610472
4832407411981
59250900462820
40808660995885
36399022294285
8635344955713
66617555202791
24076754654026
10153827689651
19002310386096
84032002317642
39494914332492
43838154234214
76073284617331
41759460669143
26075754570103
89252010200955
42042559467445
30418352915860
74807610618920
64975926663015
18571419440821
80601896341794
40689639523949
67273823110132
89721978255529
16858364117904
11193259429338
7837271457108
30756186254453
88749357468891
77395539880246
85947494241506
58936819569965
75911097743254
49046661808558
13585052522952
26203305264581
46574812644257
36299658119469
33563249262981
94433891676461
74118949128204
24922072751750
92516105526654
47499970753075
47047226290012
94015341106250
77515588080767
75358065546761
57993464207876
62198058695474
60177780672429
40897624141658
87513309871897
71711407931067
47451639530692
34652799453580
97350334459156
66997014273118
15577623884732
91844826169939
60580285414744
51697948825635
99960351984298
65925276822187
32357295702326
12197857161542
70691811459506
98770082979792
71281275304652
22763298411297
93429615609323
87205368242542
22238483866660
61909829554952
4925004094854
72232488963332
64541938640022
14161681067299
68180156392591
31819133026270
38522098921377
77534217287786
6931003710674
65712617633370
3501373780335
25213851167587
28597335055535
89528154996700
37542203811210
32269014481878
13299268125112
63108564083571
14385998805229
60802951322222
75259082305913
35840867446918
92136528397951
48009032744584
34729808040733
97402080444277
80150897249418
98628260189078
70695288001733
39907687237085
41191116186084
46570397030929
52198522170157
24740491903572
59508914985035
57518964275088
60651431136924
39666817844439
91801333265825
7860361893515
49463981195113
39566297471703
44709740631966
72315572086218
58081585036800
72286638869878
19009537088901
85486220172571
76845734267797
93127477155750
23113609521143
77582024052446
79978476888249
13997212016511
78321855703445
65773878991122
13936758543471
42834935527465
22203134710248
28597997366022
181554898990
38943247470036
61485460105618
57603933530426
37192064349511
16379866894135
60084702584087
8712637139612
